3
4
6
15
16
17
18
24
25
26
28
29
31
32
33
38
40
41
46
49
50
51
53
55
59
64
65
68
71
72
73
76
77
78
79
81
82
83
84
86
88
89
90
91
93
94
95
96
97
99
102
103
104
107
108
109
110
115
117
123
126
127
128
130
133
134
135
136
137
138
143
144
145
146
147
148
152
153
156
157
159
160
161
166
168
171
178
180
181
183
184
186
187
189
191
192
193
196
197
200
201
204
205
207
208
210
215
219
221
222
223
224
225
